Lattice Network, beta = 2, 'fine' clustering
Var: 0.0020814611327056617, cut effect: 0.34664276769963176, cuts: 19600
q_min = 0.125, MSE(q_min) = 0.001482792099277949
Lattice Network, beta=2, 'coarse' clustering
Var: 0.00017585394228104042, cut effect: 0.0709266028173865, cuts: 3600
q_min = 0.16666666666666666, MSE(q_min) = 0.00119144669360329

Lattice Network, beta = 3, 'fine' clustering
Var: 0.0020223375748739648, cut effect: 0.5702486722091373, cuts: 19600
q_min = 0.2857142857142857, MSE(q_min) = 0.1654670802662875
Lattice Network, beta=3, 'coarse' clustering
Var: 0.00034742738437863757, cut effect: 0.12298349262280439, cuts: 3600
q_min = 0.6666666666666666, MSE(q_min) = 0.011847008226324892

##########################################################################
